   2.4000000000000000e+01   0.0000000000000000e+00   0.0000000000000000e+00   0.0000000000000000e+00
   3.5066000000000003e+01   1.2250000000000000e+01   1.0000000000000000e+00                      NaN
   3.5085999999999999e+01   1.2210000000000001e+01   4.8000000000000000e+01                      NaN
   3.5088999999999999e+01   1.2090000000000000e+01   9.7000000000000000e+01                      NaN
   3.5078000000000003e+01   1.1990000000000000e+01   1.4500000000000000e+02                      NaN
   3.5024999999999999e+01   1.1690000000000000e+01   1.9400000000000000e+02                      NaN
   3.4850999999999999e+01   1.0539999999999999e+01   2.9100000000000000e+02                      NaN
   3.4695999999999998e+01   9.3499999999999996e+00   3.8800000000000000e+02                      NaN
   3.4572000000000003e+01   8.3599999999999994e+00   4.8500000000000000e+02                      NaN
   3.4530999999999999e+01   7.8600000000000003e+00   5.8100000000000000e+02                      NaN
   3.4509000000000000e+01   7.4299999999999997e+00   6.7800000000000000e+02                      NaN
   3.4496000000000002e+01   6.8700000000000001e+00   7.7500000000000000e+02                      NaN
   3.4451999999999998e+01   6.0400000000000000e+00   8.7200000000000000e+02                      NaN
   3.4457999999999998e+01   5.5000000000000000e+00   9.6900000000000000e+02                      NaN
   3.4456000000000003e+01   4.9000000000000004e+00   1.0660000000000000e+03                      NaN
   3.4488000000000000e+01   4.0400000000000000e+00   1.2600000000000000e+03                      NaN
   3.4536000000000001e+01   3.2900000000000000e+00   1.4540000000000000e+03                      NaN
   3.4579000000000001e+01   2.7799999999999998e+00   1.6470000000000000e+03                      NaN
   3.4612000000000002e+01   2.4500000000000002e+00   1.8410000000000000e+03                      NaN
   3.4642000000000003e+01   2.2109999999999999e+00   2.0200000000000000e+03                      NaN
   3.4656999999999996e+01   2.0110000000000001e+00   2.2160000000000000e+03                      NaN
   3.4685000000000002e+01   1.8939999999999999e+00   2.4130000000000000e+03                      NaN
   3.4707000000000001e+01   1.7880000000000000e+00   2.6110000000000000e+03                      NaN
   3.4719999999999999e+01   1.5540000000000000e+00   2.8780000000000000e+03                      NaN
   3.4728999999999999e+01   1.3799999999999999e+00   3.0000000000000000e+03                      NaN
   2.8000000000000000e+01   0.0000000000000000e+00   0.0000000000000000e+00   0.0000000000000000e+00
   3.5395000000000003e+01   1.5279999999999999e+01   1.0000000000000000e+00                      NaN
   3.5406999999999996e+01   1.4910000000000000e+01   4.9000000000000000e+01                      NaN
   3.5341999999999999e+01   1.4080000000000000e+01   9.8000000000000000e+01                      NaN
   3.5210999999999999e+01   1.3220000000000001e+01   1.4600000000000000e+02                      NaN
   3.5137999999999998e+01   1.2670000000000000e+01   1.9500000000000000e+02                      NaN
   3.5011000000000003e+01   1.1650000000000000e+01   2.9300000000000000e+02                      NaN
   3.4838999999999999e+01   1.0289999999999999e+01   3.9100000000000000e+02                      NaN
   3.4677000000000000e+01   9.0600000000000005e+00   4.8900000000000000e+02                      NaN
   3.4575000000000003e+01   8.1600000000000001e+00   5.8700000000000000e+02                      NaN
   3.4499000000000002e+01   7.3700000000000001e+00   6.8500000000000000e+02                      NaN
   3.4451999999999998e+01   6.7000000000000002e+00   7.8300000000000000e+02                      NaN
   3.4421999999999997e+01   5.9400000000000004e+00   8.8200000000000000e+02                      NaN
   3.4450000000000003e+01   5.6500000000000004e+00   9.8000000000000000e+02                      NaN
   3.4429000000000002e+01   4.8499999999999996e+00   1.0790000000000000e+03                      NaN
   3.4453000000000003e+01   3.7559999999999998e+00   1.2760000000000000e+03                      NaN
   3.4542000000000002e+01   2.8700000000000001e+00   1.5730000000000000e+03                      NaN
   3.4593000000000004e+01   2.5099999999999998e+00   1.8710000000000000e+03                      NaN
   3.4624000000000002e+01   2.2799999999999998e+00   2.1690000000000000e+03                      NaN
   3.4645000000000003e+01   2.0699999999999998e+00   2.5160000000000000e+03                      NaN
   3.4715000000000003e+01   1.6100000000000001e+00   3.3980000000000000e+03                      NaN
   3.4718000000000004e+01   1.4690000000000001e+00   3.5960000000000000e+03                      NaN
   3.4716000000000001e+01   1.3149999999999999e+00   3.7930000000000000e+03                      NaN
   3.4710999999999999e+01   1.1490000000000000e+00   4.0900000000000000e+03                      NaN
   3.4709000000000003e+01   1.0690000000000000e+00   4.3870000000000000e+03                      NaN
   3.4706000000000003e+01   1.0480000000000000e+00   4.6860000000000000e+03                      NaN
   3.4703000000000003e+01   1.0609999999999999e+00   4.9850000000000000e+03                      NaN
   3.4703000000000003e+01   1.0750000000000000e+00   5.2850000000000000e+03                      NaN
   3.4704999999999998e+01   1.1060000000000001e+00   5.5860000000000000e+03                      NaN
   3.7000000000000000e+01   0.0000000000000000e+00   0.0000000000000000e+00   0.0000000000000000e+00
   3.5738999999999997e+01   1.8690000000000001e+01   0.0000000000000000e+00                      NaN
   3.5726999999999997e+01   1.8699999999999999e+01   9.3000000000000000e+01                      NaN
   3.5704999999999998e+01   1.8559999999999999e+01   1.1600000000000000e+02                      NaN
   3.5560000000000002e+01   1.6989999999999998e+01   1.4000000000000000e+02                      NaN
   3.5520000000000003e+01   1.6359999999999999e+01   1.6300000000000000e+02                      NaN
   3.5482999999999997e+01   1.5940000000000000e+01   1.8600000000000000e+02                      NaN
   3.5411999999999999e+01   1.5070000000000000e+01   2.3200000000000000e+02                      NaN
   3.5325000000000003e+01   1.4150000000000000e+01   2.7800000000000000e+02                      NaN
   3.5156999999999996e+01   1.2820000000000000e+01   3.7100000000000000e+02                      NaN
   3.4895000000000003e+01   1.0920000000000000e+01   4.6400000000000000e+02                      NaN
   3.4673000000000002e+01   9.0999999999999996e+00   5.5700000000000000e+02                      NaN
   3.4529000000000003e+01   7.8600000000000003e+00   6.5100000000000000e+02                      NaN
   3.4436000000000000e+01   6.9100000000000001e+00   7.4300000000000000e+02                      NaN
   3.4401000000000003e+01   6.2800000000000002e+00   8.3700000000000000e+02                      NaN
   3.4375999999999998e+01   5.5999999999999996e+00   9.3200000000000000e+02                      NaN
   3.4387000000000000e+01   4.9699999999999998e+00   1.0280000000000000e+03                      NaN
   3.4405000000000001e+01   4.2999999999999998e+00   1.1260000000000000e+03                      NaN
   3.4469000000000001e+01   3.3500000000000001e+00   1.3240000000000000e+03                      NaN
   3.4503000000000000e+01   3.1200000000000001e+00   1.3860000000000000e+03                      NaN
   3.4572000000000003e+01   2.6800000000000002e+00   1.6190000000000000e+03                      NaN
   3.4610999999999997e+01   2.4300000000000002e+00   1.8510000000000000e+03                      NaN
   3.4634000000000000e+01   2.2400000000000002e+00   2.0850000000000000e+03                      NaN
   3.4648000000000003e+01   2.0699999999999998e+00   2.3180000000000000e+03                      NaN
   3.4659999999999997e+01   1.9500000000000000e+00   2.5520000000000000e+03                      NaN
   3.4677000000000000e+01   1.8200000000000001e+00   2.8130000000000000e+03                      NaN
   3.4694000000000003e+01   1.6899999999999999e+00   3.0750000000000000e+03                      NaN
   3.4716999999999999e+01   1.5900000000000001e+00   3.3120000000000000e+03                      NaN
   3.4726999999999997e+01   1.4099999999999999e+00   3.5490000000000000e+03                      NaN
   3.4722999999999999e+01   1.3000000000000000e+00   3.7350000000000000e+03                      NaN
   3.4722000000000001e+01   1.2100000000000000e+00   3.8820000000000000e+03                      NaN
   3.4720999999999997e+01   1.1200000000000001e+00   4.0730000000000000e+03                      NaN
   3.4716000000000001e+01   1.0700000000000001e+00   4.2660000000000000e+03                      NaN
   3.4713999999999999e+01   1.0400000000000000e+00   4.4600000000000000e+03                      NaN
   3.4713999999999999e+01   1.0300000000000000e+00   4.6550000000000000e+03                      NaN
   3.4710000000000001e+01   1.0400000000000000e+00   4.8020000000000000e+03                      NaN
   3.4704999999999998e+01   1.0400000000000000e+00   4.9020000000000000e+03                      NaN
   3.4704999999999998e+01   1.0400000000000000e+00   5.0010000000000000e+03                      NaN
