Time(Years) OHCA(Joules 1e21) SE(Joules 1e21)

    1993.5           -6.015    8.113 
    1994.5           -6.666    8.155 
    1995.5          -18.504    8.034 
    1996.5           -8.600    8.025 
    1997.5           -2.427    7.890 
    1998.5          -18.449    7.809 
    1999.5           -6.170    7.834 
    2000.5          -10.108    7.852 
    2001.5           -0.767    7.792 
    2002.5            4.675    7.348 
    2003.5           15.501    6.772 
    2004.5           16.931    6.315 
    2005.5           22.637    5.933 
    2006.5           28.828    5.746 
    2007.5           25.135    5.573 
    2008.5           28.789    5.419 
    2009.5           32.549    5.302 
    2010.5           35.384    5.253 
    2011.5           42.323    5.216 
    2012.5           47.072    5.174 
    2013.5           57.329    5.363 
    2014.5           61.937    5.368 
    2015.5           66.865    5.311 
    2016.5           66.209    5.312 
    2017.5           74.183    5.255 
    2018.5           72.063    5.233 
    2019.5           79.217    5.299 
    2020.5           82.155    5.319 
    2021.5           88.985    5.492 
    2022.5           93.217    5.615 
    2023.5           87.127    5.642 
    2024.5           91.097    5.683 
