Time(Years) OHCA(Joules 1e21) SE(Joules 1e21)

    1993.5         1994.500 1995.500 
    1996.5         1997.500 1998.500 
    1999.5         2000.500 2001.500 
    2002.5         2003.500 2004.500 
    2005.5         2006.500 2007.500 
    2008.5         2009.500 2010.500 
    2011.5         2012.500 2013.500 
    2014.5         2015.500 2016.500 
    2017.5         2018.500 2019.500 
    2020.5         2021.500 2022.500 
    2023.5         2024.500  -12.258 
     -12.2           -7.578   -7.831 
      -1.4            6.226   13.545 
      16.1           18.722   19.224 
      23.3           25.318   26.783 
      29.8           32.022   30.245 
      35.5           39.028   39.986 
      49.1           55.491   59.732 
      63.3           64.921   71.184 
      71.1           76.218   80.599 
      85.5           87.736   86.715 
      89.6            4.851    3.673 
       6.3            5.014    6.855 
       4.7            4.215    3.576 
       2.7            1.512    3.621 
       2.5            2.151    2.006 
       3.5            1.680    1.910 
       2.4            2.252    1.431 
       1.3            1.775    1.609 
       2.0            1.423    1.774 
       1.4            2.026    2.481 
       1.4            1.792    2.550 
