Time(Years) OHCA(Joules 1e21) SE(Joules 1e21)

    1993.5           -6.085   19.430 
    1994.5           -0.105   19.600 
    1995.5           -5.295   20.180 
    1996.5           -0.295   21.010 
    1997.5            2.065   21.470 
    1998.5            3.605   20.380 
    1999.5            8.795   20.730 
    2000.5            8.995   19.640 
    2001.5            9.385   18.070 
    2002.5           13.955   16.320 
    2003.5           20.145   13.640 
    2004.5           21.255   11.470 
    2005.5           21.735    9.630 
    2006.5           29.785    9.730 
    2007.5           32.235    7.970 
    2008.5           35.725    6.920 
    2009.5           36.775    5.820 
    2010.5           39.315    4.450 
    2011.5           44.675    3.050 
    2012.5           51.275    2.500 
    2013.5           55.395    2.350 
    2014.5           59.625    3.120 
    2015.5           64.335    3.010 
    2016.5           65.925    3.350 
    2017.5           72.965    3.530 
    2018.5           69.925    3.490 
    2019.5           75.135    3.650 
    2020.5           78.035    3.230 
    2021.5           83.735    3.040 
    2022.5           86.575    2.990 
    2023.5           86.005    3.050 
    2024.5           89.595    3.630 
