Time(Years) OHCA(Joules 1e21) SE(Joules 1e21)

    1993.5            6.384    5.670 
    1994.5            3.674    6.620 
    1995.5            2.204    6.100 
    1996.5            9.824    7.190 
    1997.5            9.044    7.110 
    1998.5            6.274    6.660 
    1999.5            1.794    6.720 
    2000.5            8.084    7.070 
    2001.5            1.674    6.180 
    2002.5            5.104    5.360 
    2003.5           19.854    4.860 
    2004.5           27.044    3.860 
    2005.5           21.464    2.920 
    2006.5           33.204    2.740 
    2007.5           34.844    2.800 
    2008.5           36.564    2.370 
    2009.5           40.994    2.690 
    2010.5           42.884    2.190 
    2011.5           42.774    2.330 
    2012.5           48.794    2.300 
    2013.5           58.774    2.350 
    2014.5           65.334    2.130 
    2015.5           66.144    2.010 
    2016.5           63.254    1.960 
    2017.5           71.524    2.050 
    2018.5           67.264    2.060 
    2019.5           73.664    1.990 
    2020.5           77.174    1.900 
    2021.5           81.714    1.920 
    2022.5           80.954    1.970 
    2023.5           80.734    1.850 
    2024.5           84.934    1.770 
